OSCAR 7 (AO-7)          
1 07530U 74089B   26283.86360250 -.00000030  00000+0  10004-3 0  9995
2 07530 101.9906 298.3157 0011945 270.7119 213.6965 12.53700020375013
PHASE 3B (AO-10)        
1 14129U 83058B   26281.97275880 -.00000035  00000+0  00000+0 0  9993
2 14129  25.9860 201.0038 5974937 146.8173 271.4245  2.05869979297836
UOSAT 2 (UO-11)         
1 14781U 84021B   26283.72485635  .00001400  00000+0  14711-3 0  9998
2 14781  97.8222 248.1231 0008092 151.8834 208.2823 14.91044964274340
LUSAT (LO-19)           
1 20442U 90005G   26283.29911665  .00000082  00000+0  46151-4 0  9996
2 20442  98.8794 308.2481 0010799 224.6795 135.3519 14.34148849918894
EYESAT A (AO-27)        
1 22825U 93061C   26283.93261022  .00000091  00000+0  51529-4 0  9999
2 22825  98.6761 351.2318 0009396 117.8199 242.3937 14.30966085723558
ITAMSAT (IO-26)         
1 22826U 93061D   26283.94733035  .00000109  00000+0  58053-4 0  9998
2 22826  98.6709 351.1762 0010017 102.7456 257.4848 14.31395409723874
RADIO ROSTO (RS15)      
1 23439U 94085A   26283.94388693 -.00000018  00000+0  70536-3 0  9991
2 23439  64.8131 116.0023 0159805 343.1872  16.3792 11.27584323308954
JAS-2 (FO-29)           
1 24278U 96046B   26283.79569904  .00000017  00000+0  51268-4 0  9991
2 24278  98.5140 116.8097 0350233 156.2558 205.5193 13.53279138488807
TECHSAT 1B (GO-32)      
1 25397U 98043D   26283.96454235  .00000044  00000+0  39243-4 0  9991
2 25397  99.0171 279.7012 0000544 194.0750 166.0412 14.24446596467813
ISS (ZARYA)             
1 25544U 98067A   26283.78925095  .00010839  00000+0  20582-3 0  9996
2 25544  51.6307  88.0087 0006720 246.7167 113.3114 15.48817123589672
PCSAT (NO-44)           
1 26931U 01043C   26283.75197693  .00000081  00000+0  61309-4 0  9998
2 26931  67.0503 305.3600 0006043 274.8977  85.1435 14.31990718306994
SAUDISAT 1C (SO-50)     
1 27607U 02058C   26283.92828750  .00000900  00000+0  12357-3 0  9998
2 27607  64.5509 130.8281 0070393 241.0693 118.3342 14.83250596281627
CUTE-1 (CO-55)          
1 27844U 03031E   26283.94384330  .00000258  00000+0  13028-3 0  9998
2 27844  98.6767 291.0693 0009018 203.4548 156.6221 14.24393026208157
CUBESAT XI-IV (CO-57)   
1 27848U 03031J   26282.44453921  .00000166  00000+0  91919-4 0  9993
2 27848  98.6802 289.2091 0008576 228.5441 131.5002 14.23669118207638
MOZHAETS 4 (RS22)       
1 27939U 03042A   26283.92898231  .00001252  00000+0  20034-3 0  9993
2 27939  98.3460 111.5983 0009945 261.7150 206.9598 14.73633048232598
CUBESAT XI-V            
1 28895U 05043F   26283.69731087  .00001159  00000+0  18914-3 0  9997
2 28895  98.3132  81.8742 0013682 194.5301 165.5515 14.72875086118751
CUTE-1.7+APD II (CO-65) 
1 32785U 08021C   26283.95637817  .00006517  00000+0  40087-3 0  9993
2 32785  97.8410 267.9483 0008721   7.2035 352.9317 15.10360120  2674
SEEDS II (CO-66)        
1 32791U 08021J   26283.94214196  .00033132  00000+0  93388-3 0  9995
2 32791  97.7561 287.7325 0000555 185.5331 174.5906 15.36359336  5038
YUBILEINY (RS30)        
1 32953U 08025A   26283.90638241  .00000110  00000+0  71576-3 0  9991
2 32953  82.4982 283.4597 0020587  60.9172 299.3966 12.43184221834076
KKS-1 (KISEKI)          
1 33499U 09002H   26283.88394916  .00001382  00000+0  17531-3 0  9991
2 33499  98.1185 208.1605 0006417 277.8484  82.2000 14.83365751953341
SWISSCUBE               
1 35932U 09051B   26283.23937283  .00000813  00000+0  16958-3 0  9998
2 35932  98.3942 193.0791 0005894 206.1399 153.9505 14.62658851905979
BEESAT-1                
1 35933U 09051C   26283.51519281  .00000690  00000+0  14776-3 0  9993
2 35933  98.3867 192.7490 0004212 219.7010 140.3883 14.61869800906035
ITUPSAT1                
1 35935U 09051E   26282.57991323  .00000590  00000+0  13145-3 0  9999
2 35935  98.3946 190.8666 0006228 240.5051 119.5528 14.60577876905430
XIWANG-1 (HOPE-1)       
1 36122U 09072B   26283.91436089  .00000346  00000+0  10238-2 0  9991
2 36122 100.4173 235.9571 0007350 335.0174  25.0583 13.16443851808232
O/OREOS (USA 219)       
1 37224U 10062C   26283.43582511  .00001557  00000+0  15120-3 0  9996
2 37224  71.9700 179.1988 0015477 212.3042 147.7182 14.94110777133856
JUGNU                   
1 37839U 11058B   26282.50751029  .00000415  00000+0  76867-4 0  9991
2 37839  19.9619 333.8695 0018317 259.2978 237.1577 14.13804299775222
SRMSAT                  
1 37841U 11058D   26282.80151719  .00000371  00000+0  57341-4 0  9994
2 37841  19.9715  85.7119 0011786  25.2362   3.2966 14.11597175774039
STRAND-1                
1 39090U 13009E   26283.20807260  .00000214  00000+0  86152-4 0  9992
2 39090  98.3970 100.6662 0007573 244.0335 116.0072 14.37217204713585
ZACUBE-1 (TSHEPISOSAT)  
1 39417U 13066B   26283.62632092  .00003491  00000+0  26749-3 0  9998
2 39417  97.8198 246.6198 0037634 222.5545 137.2762 15.01974740698056
GOMX-1                  
1 39430U 13066Q   26283.93306512  .00001140  00000+0  17551-3 0  9992
2 39430  97.6410 117.0978 0129386  65.6607 295.8045 14.69757579686913
CUBEBUG-2 (LO-74)       
1 39440U 13066AA  26283.65491927  .00004125  00000+0  37643-3 0  9997
2 39440  97.9028 233.2432 0057021   5.8643 354.3232 14.94418379694233
FUNCUBE-1 (AO-73)       
1 39444U 13066AE  26282.88258682  .00006914  00000+0  41381-3 0  9996
2 39444  97.8418 256.9310 0035385 170.1863 190.0065 15.10834091696979
UWE-3                   
1 39446U 13066AG  26282.82115295  .00003733  00000+0  31692-3 0  9994
2 39446  97.8835 239.7998 0046716 297.8832  61.7662 14.97707906694735
UNISAT-6                
1 40012U 14033C   26283.95959151  .00002499  00000+0  26837-3 0  9995
2 40012  97.8036  74.7891 0045517  47.9266 312.5809 14.88729123663383
QB50P1                  
1 40025U 14033R   26283.29517120  .00006075  00000+0  28776-3 0  9990
2 40025  98.0945 302.6481 0008378 180.2126 179.9105 15.19714853670502
LILACSAT-2              
1 40908U 15049K   26283.90980874  .00028018  00000+0  41690-3 0  9997
2 40908  97.4516 325.3747 0006529 172.3449 187.7906 15.55089625613710
FOX-1A (AO-85)          
1 40967U 15058D   26283.69974611  .00003354  00000+0  29080-3 0  9995
2 40967  64.7733 279.8356 0141258  13.7796 346.7107 14.91477844130799
CAS-2T & KS-1Q          
1 41847U 16066G   26283.82549767  .00001470  00000+0  21278-3 0  9996
2 41847  98.3727 358.2132 0341875 138.4806 224.2904 14.44895528521498
RADFXSAT (FOX-1B)       
1 43017U 17073E   26283.38098407  .00008281  00000+0  35149-3 0  9996
2 43017  97.4501 148.2419 0144811 290.5808  67.9940 15.14243314482819
DIWATA-2B               
1 43678U 18084H   26283.99190289  .00001804  00000+0  14704-3 0  9998
2 43678  98.1144 125.2957 0013230 144.9381 215.2715 15.00794251433587
ES'HAIL 2               
1 43700U 18090A   26283.88142485  .00000138  00000+0  00000+0 0  9993
2 43700   0.0168 127.4266 0001205  95.4333 139.7650  1.00275085 28834
FOX-1CLIFF (AO-95)      
1 43770U 18099N   26283.15268435  .00010288  00000+0  36943-3 0  9999
2 43770  97.4259 343.0686 0006699 306.1472  53.9147 15.28840111430773
ITASAT                  
1 43786U 18099AE  26283.44832518  .00005282  00000+0  24623-3 0  9997
2 43786  97.3895 332.6741 0010809 314.6314  45.4039 15.20254726430418
JY1SAT (JO-97)          
1 43803U 18099AX  26283.90796203  .00028445  00000+0  78488-3 0  9992
2 43803  97.3998 347.3431 0004868 199.0697 161.0365 15.37041677431389
UWE-4                   
1 43880U 18111E   26283.86141359  .00071580  00000+0  11142-2 0  9994
2 43880  97.5850 218.2051 0002996 255.3140 104.7781 15.53655018428690
TIANYAN 01              
1 44881U 19093C   26283.95122285  .00000720  00000+0  86940-4 0  9991
2 44881  97.7431 353.2982 0014921  68.4578 291.8227 14.86659372368611
RS-44 & BREEZE-KM R/B   
1 44909U 19096E   26283.94537494  .00000004  00000+0 -23472-4 0  9993
2 44909  82.5171 262.7743 0216472 233.5532 124.5444 12.79749712317158
SALSAT                  
1 46495U 20068K   26283.93088808  .00009609  00000+0  32119-3 0  9991
2 46495  97.8875 294.1975 0007630 252.7955 107.2450 15.31215962333061
XW-3 (CAS-9)            
1 50466U 21131B   26283.98104965  .00000182  00000+0  69704-4 0  9992
2 50466  98.4978  15.7370 0005254 106.9839 253.1927 14.41441111251798
GREENCUBE (IO-117)      
1 53109U 22080E   26282.88827317 -.00000003  00000+0  00000+0 0  9996
2 53109  70.1218 258.3405 0009148 265.4278  94.5337  6.42583712 99436
UMKA 1 (RS40S)          
1 57172U 23091G   26283.91770885  .00008128  00000+0  35910-3 0  9992
2 57172  97.4919 342.1729 0013925  77.8425 282.4370 15.21900809181601
CUBESX-HSE 3 (RS42S)    
1 57178U 23091N   26283.94126759  .00022598  00000+0  69250-3 0  9997
2 57178  97.4973 351.1246 0010605  48.0600 312.1544 15.33746804182159
MONITOR-3 (RS58S)       
1 57180U 23091Q   26283.91459144  .00017067  00000+0  59176-3 0  9995
2 57180  97.4960 348.2930 0012070  56.6753 303.5641 15.29815669181979
MONITOR-4 (RS57S)       
1 57182U 23091S   26283.95228464  .00016908  00000+0  58460-3 0  9998
2 57182  97.4953 348.3089 0012058  56.7603 303.4791 15.29909868181981
MONITOR-2 (RS39S)       
1 57184U 23091U   26283.96083097  .00006347  00000+0  29918-3 0  9994
2 57184  97.4938 341.4785 0012420  72.8854 287.3740 15.19780035181530
SVYATOBOR 1 (RS60S)     
1 57187U 23091X   26283.94598631  .00013612  00000+0  49578-3 0  9997
2 57187  97.4966 348.4595 0009983  51.9237 308.2902 15.28278326181980
VIZARD-METEO (RS38S)    
1 57189U 23091Z   26283.91423247  .00031396  00000+0  80277-3 0  9996
2 57189  97.4982 355.9265 0006701  28.7934 331.3680 15.39365074182472
POLYTECH-UNIVERSE 3 (R*)
1 57191U 23091AB  26283.90582698  .00006474  00000+0  30266-3 0  9996
2 57191  97.4915 340.9296 0016746  87.1441 273.1711 15.20003009181521
UTMN 2 (RS27S)          
1 57203U 23091AP  26283.89756604  .00020760  00000+0  62137-3 0  9994
2 57203  97.4975 352.8538 0007726  38.6393 321.5401 15.34537839182272
KUZGTU 1 (RS47S)        
1 57217U 23091AV  26283.91306483  .00019137  00000+0  61712-3 0  9992
2 57217  97.4943 349.6824 0011152  52.5573 307.6681 15.32146882182083
SONATE-2                
1 59112U 24043Q   26283.93275737  .00105001  00000+0  91753-3 0  9999
2 59112  97.5631  82.3559 0005127 133.7451 226.4235 15.68595172145971
MESAT1                  
1 60209U 24125G   26283.85305146  .00243821  00000+0  12159-2 0  9993
2 60209  97.2042 145.1640 0007666 128.3900 231.8058 15.81185898127722
GRBBETA                 
1 60237U 24128C   26283.93962216  .00003793  00000+0  26257-3 0  9990
2 60237  61.9894 169.9307 0023442 160.3425 199.8578 15.07305724123713
OOV-CUBE (TUBSAT-30)    
1 60240U 24128F   26283.95039403  .00001880  00000+0  15276-3 0  9993
2 60240  61.9940 181.7831 0027933 161.1756 199.0375 15.03173227123510
COLIBRI-S (RS67S)       
1 61746U 24199M   26283.94190978  .00043540  00000+0  71182-3 0  9994
2 61746  97.2743 159.0951 0006113 201.0788 159.0214 15.52396565155342
HORS 3 (RS81S)          
1 61753U 24199U   26283.93493071  .00100759  00000+0  10653-2 0  9992
2 61753  97.2749 162.6598 0004345 172.8824 187.2497 15.63841464155592
HORS 4 (RS82S)          
1 61754U 24199V   26283.91241484  .00170182  00000+0  12031-2 0  9999
2 61754  97.2677 164.9217 0004609 152.0444 208.1068 15.73495811155754
SIT-2086                
1 61764U 24199AF  26283.92518496  .00094277  00000+0  10749-2 0  9995
2 61764  97.2703 162.7212 0005524 162.9586 197.1859 15.61911065152449
ALTAIR (RS65S)          
1 61779U 24199AW  26283.92240492  .00017046  00000+0  44327-3 0  9998
2 61779  97.2825 152.5502 0010292 245.7079 114.3093 15.38936194154902
ASRTU-1 (AO-123)        
1 61781U 24199AY  26283.89778883  .00010932  00000+0  30191-3 0  9998
2 61781  97.2793 151.5261 0011485 250.5396 109.4608 15.37167612151691
SAMSAT-IONOSPHERE (RS7*)
1 61784U 24199BB  26283.92162837  .00149195  00000+0  12219-2 0  9995
2 61784  97.2701 163.3539 0005681 176.1040 184.0268 15.70037944155643
RTU MIREA 1 (RS51S)     
1 61785U 24199BC  26283.92553586  .00243633  00000+0  13408-2 0  9994
2 61785  97.2670 165.1322 0005603 159.4902 200.6592 15.79027047152615
LASARSAT                
1 62391U 24247Q   26283.85316482  .00064451  00000+0  96985-3 0  9997
2 62391  44.9724 328.6653 0009101 355.8229   4.2587 15.53984660101264
CROCUBE                 
1 62394U 24247T   26282.57311726  .00059790  00000+0  80053-3 0  9993
2 62394  44.9699 330.7993 0009831   0.3389 359.7510 15.57170897101120
TEVEL2-4                
1 63213U 25052D   26283.97357717  .00032891  00000+0  86771-3 0  9990
2 63213  97.3740 180.7655 0004616  70.3450 289.8293 15.38404087 87898
TEVEL2-5                
1 63214U 25052E   26282.96861882  .00021096  00000+0  56359-3 0  9996
2 63214  97.3740 179.6655 0004596  73.3664 286.8086 15.38105702 87735
TEVEL2-6                
1 63215U 25052F   26283.95928272  .00032564  00000+0  86672-3 0  9997
2 63215  97.3742 180.6462 0004524  72.8461 287.3280 15.38133629 87883
TEVEL2-1                
1 63217U 25052H   26283.96872981  .00030653  00000+0  83437-3 0  9998
2 63217  97.3714 180.1291 0004856  79.0937 281.0854 15.37449104 87867
TEVEL2-3                
1 63218U 25052J   26283.95812924  .00030672  00000+0  83267-3 0  9991
2 63218  97.3715 180.1589 0004594  80.1455 280.0308 15.37533389 87868
TEVEL2-2                
1 63219U 25052K   26283.96807401  .00030924  00000+0  84122-3 0  9998
2 63219  97.3714 180.1334 0004912  79.8908 280.2891 15.37467012 87866
OTP-2                   
1 63235U 25052AB  26283.60438034  .00007355  00000+0  29447-3 0  9990
2 63235  97.3701 174.3125 0007836 109.4941 250.7144 15.25323768 87452
TEVEL2-9                
1 63237U 25052AD  26283.97601499  .00028286  00000+0  82841-3 0  9992
2 63237  97.3776 179.2384 0007987  88.8008 271.4151 15.35157796 87778
TEVEL2-7                
1 63238U 25052AE  26282.60806049  .00018936  00000+0  56392-3 0  9993
2 63238  97.3781 177.7298 0007928  94.1855 266.0295 15.34712020 87558
TEVEL2-8                
1 63239U 25052AF  26283.98643071  .00028150  00000+0  83481-3 0  9998
2 63239  97.3775 179.0823 0008194  88.1564 272.0617 15.34761907 87763
INNOSAT 16 (RS92S7)     
1 64878U 25155C   26283.93389166  .00007840  00000+0  30223-3 0  9998
2 64878  97.4726 250.8848 0011637 130.7116 229.5135 15.26540512 98322
GEOSCAN 6 (RS92S6)      
1 64879U 25155D   26283.91964417  .00016183  00000+0  52268-3 0  9998
2 64879  97.4709 253.1870 0009302 118.5359 241.6821 15.32150375 98478
GEOSCAN 1 (RS92S1)      
1 64880U 25155E   26283.93546993  .00018340  00000+0  57769-3 0  9995
2 64880  97.4703 253.4662 0009236 118.2062 242.0114 15.32926252 98497
239ALFEROV (RS61S)      
1 64881U 25155F   26283.90797894  .00023327  00000+0  66879-3 0  9994
2 64881  97.4696 254.4490 0008929 115.9113 244.3052 15.35859121 98554
GEOSCAN 2 (RS92S2)      
1 64890U 25155Q   26283.91010777  .00017096  00000+0  53480-3 0  9993
2 64890  97.4703 253.6366 0008759 107.4119 252.8081 15.33166682 98501
GEOSCAN 5 (RS92S5)      
1 64891U 25155R   26283.93968187  .00023178  00000+0  65863-3 0  9999
2 64891  97.4690 254.6605 0007834 118.3618 241.8417 15.36148637 98573
GEOSCAN 4 (RS92S4)      
1 64892U 25155S   26283.91016798  .00023518  00000+0  66378-3 0  9990
2 64892  97.4695 254.7191 0007720 118.0504 242.1521 15.36357386 98578
GEOSCAN 3 (RS92S3)      
1 64893U 25155T   26283.92830098  .00033840  00000+0  87130-3 0  9997
2 64893  97.4678 255.5649 0007783 116.3119 243.8927 15.39127540 98634
INNOSAT 3 (RS92S0)      
1 64894U 25155U   26283.94721226  .00097546  00000+0  15534-2 0  9993
2 64894  97.4616 259.0488 0007598 110.7417 249.4650 15.52896677 98870
KNACKSAT-2              
1 67683U 98067YA  26283.69509825  .00097262  00000+0  71490-3 0  9994
2 67683  51.6235  68.5732 0009014 280.9018  79.0966 15.72257394 38370
MARINA                  
1 69920U 26156BD  26283.97169659  .00002146  00000+0  21578-3 0  9997
2 69920  97.7424 182.8405 0006929 185.2798 174.8349 14.92248278 14261
