DMSP 5D-3 F16 (USA 172) 
1 28054U 03048A   26283.96075493  .00000064  00000+0  56753-4 0  9997
2 28054  98.9833 308.5266 0007212 171.1981 254.0963 14.14494462185856
METEOSAT-9 (MSG-2)      
1 28912U 05049B   26282.95880824  .00000119  00000+0  00000+0 0  9993
2 28912   9.6185  53.0048 0001655   0.8975 355.5428  1.00274039  8140
DMSP 5D-3 F17 (USA 191) 
1 29522U 06050A   26283.92346341  .00000129  00000+0  88685-4 0  9994
2 29522  98.7426 288.1533 0011215  86.0994 274.1461 14.15014442 28791
FENGYUN 3A              
1 32958U 08026A   26282.30030839  .00000054  00000+0  45970-4 0  9996
2 32958  98.6974 221.0345 0009065 152.8367 207.3285 14.19590831951598
EWS-G3 (GOES 14)        
1 35491U 09033A   26283.85711434  .00000045  00000+0  00000+0 0  9998
2 35491   1.9829  81.3990 0002106 115.5701 195.3560  1.00071944  7745
DMSP 5D-3 F18 (USA 210) 
1 35951U 09057A   26283.90071813  .00000179  00000+0  11560-3 0  9996
2 35951  98.9188 264.4989 0010009 285.0563  74.9503 14.14950805875958
EWS-G2 (GOES 15)        
1 36411U 10008A   26283.85739211  .00000016  00000+0  00000+0 0  9996
2 36411   1.5906  81.7153 0004640  92.5507 217.2149  1.00273682 60792
FENGYUN 3B              
1 37214U 10059A   26284.00950414  .00000061  00000+0  55081-4 0  9996
2 37214  98.9500 330.4430 0021435 216.3371 260.0635 14.14860426823804
SUOMI NPP               
1 37849U 11061A   26283.93686338  .00000072  00000+0  55199-4 0  9998
2 37849  98.8050 224.0610 0002050  25.9949 334.1330 14.19537894774863
METEOSAT-10 (MSG-3)     
1 38552U 12035B   26283.73379999 -.00000008  00000+0  00000+0 0  9998
2 38552   4.9419  60.3657 0000755 136.8097  86.5477  1.00275944 52017
METOP-B                 
1 38771U 12049A   26283.91140319  .00000092  00000+0  61777-4 0  9993
2 38771  98.6370 333.0268 0002657  37.4703 322.6659 14.21464010729701
INSAT-3D                
1 39216U 13038B   26283.90196494 -.00000343  00000+0  00000+0 0  9998
2 39216   2.2188  80.9451 0001753 132.9409 259.8472  1.00270024 48246
FENGYUN 3C              
1 39260U 13052A   26283.94761488  .00000096  00000+0  70136-4 0  9994
2 39260  98.5157 252.5933 0015608  52.8775 307.3824 14.15776524674949
METEOR-M 2              
1 40069U 14037A   26283.93607784 -.00000320  00000+0 -12712-3 0  9991
2 40069  98.5277 255.6619 0006948  64.2690 295.9205 14.21487658635762
HIMAWARI-8              
1 40267U 14060A   26283.90413162 -.00000281  00000+0  00000+0 0  9997
2 40267   0.0475  47.8086 0001256 187.7859 250.0766  1.00271642 43926
FENGYUN 2G              
1 40367U 14090A   26283.89598492 -.00000301  00000+0  00000+0 0  9992
2 40367   5.9263  71.3623 0004232 189.8332 180.2590  1.00262157 43167
METEOSAT-11 (MSG-4)     
1 40732U 15034A   26283.80694698  .00000058  00000+0  00000+0 0  9991
2 40732   3.4861  70.2581 0001385  73.3269 175.8618  1.00264618  8372
ELEKTRO-L 2             
1 41105U 15074A   26283.73085331 -.00000120  00000+0  00000+0 0  9991
2 41105   6.9795  69.0586 0002413 199.7933 359.0553  1.00270733 39661
SENTINEL-3A             
1 41335U 16011A   26283.93082884  .00000092  00000+0  55912-4 0  9994
2 41335  98.6247 349.6399 0001309 102.6152 257.5175 14.26739634554569
INSAT-3DR               
1 41752U 16054A   26283.89095823 -.00000083  00000+0  00000+0 0  9990
2 41752   0.1013  85.8440 0012414 179.4903 148.9057  1.00271684 36978
HIMAWARI-9              
1 41836U 16064A   26282.97761500 -.00000283  00000+0  00000+0 0  9996
2 41836   0.0203 319.1614 0001218 237.0379 315.1048  1.00277938 36364
GOES 16                 
1 41866U 16071A   26283.92683839 -.00000096  00000+0  00000+0 0  9993
2 41866   0.6225  83.9110 0002036 148.4197  16.1703  1.00272306 36265
FENGYUN 4A              
1 41882U 16077A   26283.97200828 -.00000362  00000+0  00000+0 0  9991
2 41882   2.6101  78.7995 0008343 168.4084 245.4819  1.00275138 36097
CYGFM05                 
1 41884U 16078A   26283.49373955  .00031017  00000+0  34542-3 0  9995
2 41884  34.9555 214.1653 0005801 198.5696 161.4819 15.61777328546763
CYGFM04                 
1 41885U 16078B   26283.87263183  .00058389  00000+0  49376-3 0  9991
2 41885  34.9302 172.5168 0006185 258.2705 101.7329 15.68543649547132
CYGFM02                 
1 41886U 16078C   26283.96669297  .00093523  00000+0  62818-3 0  9993
2 41886  34.9380 161.9657 0007236 269.1685  90.8216 15.73880201547362
CYGFM01                 
1 41887U 16078D   26283.16953219  .00031202  00000+0  33585-3 0  9991
2 41887  34.9384 216.3385 0005250 193.1445 166.9145 15.62651494546671
CYGFM08                 
1 41888U 16078E   26283.91831303  .00053075  00000+0  48981-3 0  9992
2 41888  34.9415 187.3191 0007194 233.4178 126.5888 15.66413735547090
CYGFM07                 
1 41890U 16078G   26283.99651331  .00055740  00000+0  51106-3 0  9998
2 41890  34.9426 175.0147 0006465 253.3955 106.6063 15.66572105547130
CYGFM03                 
1 41891U 16078H   26283.90503978  .00052664  00000+0  48388-3 0  9993
2 41891  34.9386 177.5436 0005543 244.0677 115.9479 15.66537339547097
FENGYUN 3D              
1 43010U 17072A   26283.93661128 -.00000240  00000+0 -91299-4 0  9993
2 43010  99.0284 260.5347 0002556  79.7389 280.4075 14.19758455461411
NOAA 20 (JPSS-1)        
1 43013U 17073A   26283.88017864  .00000063  00000+0  50705-4 0  9991
2 43013  98.7860 222.3492 0000485  33.1039 327.0167 14.19530181460886
GOES 17                 
1 43226U 18022A   26283.92987174 -.00000188  00000+0  00000+0 0  9994
2 43226   1.2299  83.7469 0001005 157.5560  23.5080  1.00272106 31588
SENTINEL-3B             
1 43437U 18039A   26283.41305301  .00000082  00000+0  52036-4 0  9999
2 43437  98.6245 349.2786 0000835  69.0155 291.1115 14.26737464440550
FENGYUN 2H              
1 43491U 18050A   26283.96325490 -.00000132  00000+0  00000+0 0  9999
2 43491   3.3233  77.6094 0002893 157.5174 210.4579  1.00269673 30603
METOP-C                 
1 43689U 18087A   26283.92639123  .00000090  00000+0  61036-4 0  9998
2 43689  98.7299 341.5991 0000559 137.1420 222.9801 14.21477526411273
GEO-KOMPSAT-2A          
1 43823U 18100A   26283.90170494  .00000000  00000+0  00000+0 0  9993
2 43823   0.0146  72.7675 0001645  52.6298 346.9787  1.00270869 28798
METEOR-M2 2             
1 44387U 19038A   26283.93903407  .00000029  00000+0  32302-4 0  9997
2 44387  98.9269 273.0031 0002196  61.8443 298.2957 14.24391569377778
ARKTIKA-M 1             
1 47719U 21016A   26283.12963952 -.00000172  00000+0  00000+0 0  9995
2 47719  63.2893  40.7169 7327310 270.4636  14.3029  2.00636526 41092
FENGYUN 3E              
1 49008U 21062A   26283.97851626  .00000005  00000+0  23186-4 0  9995
2 49008  98.7554 286.1284 0002643 103.1150 257.0321 14.19913137273010
GOES 18                 
1 51850U 22021A   26283.70667319  .00000090  00000+0  00000+0 0  9993
2 51850   0.0044 255.0189 0000480  19.3768 222.3445  1.00273771  7754
NOAA 21 (JPSS-2)        
1 54234U 22150A   26283.91111075  .00000031  00000+0  35403-4 0  9996
2 54234  98.7142 220.7839 0001144 187.4787 172.6372 14.19552715202961
METEOSAT-12 (MTG-I1)    
1 54743U 22170C   26283.87631149 -.00000012  00000+0  00000+0 0  9997
2 54743   0.7622  23.4002 0003192  91.7874 219.4970  1.00276349 14137
TIANMU-1 03             
1 55973U 23039A   26283.89329292  .00017611  00000+0  31250-3 0  9990
2 55973  97.5253 102.7088 0003542  59.4864 300.6737 15.50287625198744
TIANMU-1 04             
1 55974U 23039B   26283.96310529  .00025832  00000+0  44556-3 0  9999
2 55974  97.5178 101.9511 0004164  36.5560 323.5975 15.51008641198774
TIANMU-1 05             
1 55975U 23039C   26283.94478668  .00024836  00000+0  44081-3 0  9993
2 55975  97.5242 102.3335 0003186  66.5038 293.6548 15.50210065198735
TIANMU-1 06             
1 55976U 23039D   26283.97502400  .00026042  00000+0  45125-3 0  9990
2 55976  97.5251 103.1234 0002836  61.4478 298.7059 15.50882287198774
FENGYUN 3G              
1 56232U 23055A   26272.26318046  .00016751  00000+0  25793-3 0  9990
2 56232  49.9916 169.2876 0010954  97.6393 262.5820 15.54217677196188
METEOR-M2 3             
1 57166U 23091A   26283.96064904  .00000003  00000+0  20185-4 0  9991
2 57166  98.5954 336.4918 0003915 177.3626 182.7575 14.24053889170996
TIANMU-1 07             
1 57399U 23101A   26283.89690197  .00006838  00000+0  23126-3 0  9991
2 57399  97.2468 331.9183 0004237  90.1715 270.0012 15.30928077179346
TIANMU-1 08             
1 57400U 23101B   26283.92887146  .00008615  00000+0  29061-3 0  9999
2 57400  97.2457 331.7030 0005403  78.4125 281.7723 15.30929181179341
TIANMU-1 09             
1 57401U 23101C   26283.91142120  .00009008  00000+0  30384-3 0  9992
2 57401  97.2416 331.0394 0005059  90.9640 269.2182 15.30919472179343
TIANMU-1 10             
1 57402U 23101D   26284.07418913  .00009903  00000+0  33388-3 0  9998
2 57402  97.2493 332.3737 0005936  86.8461 273.3459 15.30904405179368
FENGYUN 3F              
1 57490U 23111A   26283.95943889  .00000056  00000+0  46951-4 0  9998
2 57490  98.6727 351.7427 0001521 101.0680 259.0668 14.19954241165299
TIANMU-1 11             
1 58645U 23205A   26283.93781683  .00007747  00000+0  28629-3 0  9990
2 58645  97.3405 303.7390 0007297 324.3892  35.6860 15.27976923155199
TIANMU-1 12             
1 58646U 23205B   26283.92882715  .00006512  00000+0  24355-3 0  9999
2 58646  97.3395 303.4224 0005816 308.3320  51.7396 15.27649916155174
TIANMU-1 13             
1 58647U 23205C   26283.96078499  .00007632  00000+0  28507-3 0  9997
2 58647  97.3422 303.7685 0004298 283.4116  76.6644 15.27643049155172
TIANMU-1 14             
1 58648U 23205D   26283.94352061  .00007798  00000+0  29096-3 0  9993
2 58648  97.3362 302.8429 0005065 290.2003  69.8691 15.27665012155176
TIANMU-1 19             
1 58660U 23208A   26283.93402715  .00013178  00000+0  41374-3 0  9993
2 58660  97.4608  41.0235 0003390 258.0994 101.9868 15.33141869155058
TIANMU-1 20             
1 58661U 23208B   26283.94714810  .00014105  00000+0  42620-3 0  9993
2 58661  97.4555  41.7953 0005496 266.8681  93.1933 15.34336580155167
TIANMU-1 21             
1 58662U 23208C   26283.94530248  .00016533  00000+0  45910-3 0  9997
2 58662  97.4621  45.0090 0005509 258.2817 101.7809 15.36955180155334
TIANMU-1 22             
1 58663U 23208D   26283.95977238  .00011930  00000+0  38252-3 0  9990
2 58663  97.4605  40.8769 0002170 297.4207  62.6814 15.32495860155052
TIANMU-1 15             
1 58700U 24004A   26283.94065759  .00008173  00000+0  30494-3 0  9997
2 58700  97.4650 110.2015 0005700 293.1735  66.8903 15.27659055153449
TIANMU-1 16             
1 58701U 24004B   26283.92562284  .00007348  00000+0  27440-3 0  9991
2 58701  97.4601 109.3546 0004337 311.2299  48.8566 15.27673507153449
TIANMU-1 17             
1 58702U 24004C   26283.97535244  .00007805  00000+0  29049-3 0  9998
2 58702  97.4625 109.9330 0004301 321.9589  38.1346 15.27761578153448
TIANMU-1 18             
1 58703U 24004D   26283.95814161  .00007426  00000+0  27835-3 0  9995
2 58703  97.4644 110.1826 0003943 298.9687  61.1156 15.27545219153444
INSAT-3DS               
1 58990U 24033A   26283.89260490 -.00000162  00000+0  00000+0 0  9990
2 58990   0.0475  85.7683 0001278 109.7889 227.3657  1.00273026 48225
METEOR-M2 4             
1 59051U 24039A   26283.96590608  .00000016  00000+0  27068-4 0  9995
2 59051  98.7176 241.8858 0006741 186.3144 173.7950 14.22439707135720
GOES 19                 
1 60133U 24119A   26283.93274810 -.00000254  00000+0  00000+0 0  9995
2 60133   0.0182  30.7974 0000586 246.3797   2.9673  1.00270909  8129
MTG-S1                  
1 64723U 25143A   26283.87631149 -.00000013  00000+0  00000+0 0  9990
2 64723   0.6498 337.1954 0003601 263.4288  94.1584  1.00270379  4572
METOP-SGA1              
1 65159U 25172A   26283.39754852  .00000037  00000+0  36893-4 0  9999
2 65159  98.7414 341.1770 0000867 105.9545 254.1728 14.21469618 60157
FENGYUN 3H              
1 65815U 25219A   26283.53452606  .00000029  00000+0  34105-4 0  9993
2 65815  98.6860 222.0965 0001560  83.4172 276.7182 14.19936221 53758
