DMSP 5D-3 F16 (USA 172) 
1 28054U 03048A   26226.95268834 -.00000041  00000+0  23926-5 0  9999
2 28054  98.9884 251.1663 0006758 350.2939 101.9171 14.14486345177799
METEOSAT-9 (MSG-2)      
1 28912U 05049B   26226.93491698  .00000110  00000+0  00000+0 0  9997
2 28912   9.4913  53.5725 0002778   6.7856 285.2345  1.00273657  7583
DMSP 5D-3 F17 (USA 191) 
1 29522U 06050A   26226.93063928  .00000007  00000+0  26066-4 0  9999
2 29522  98.7408 232.3056 0008952 246.0178 114.0059 14.15000470 20735
FENGYUN 3A              
1 32958U 08026A   26226.83034008  .00000018  00000+0  28932-4 0  9993
2 32958  98.6897 166.5710 0008081 326.1001  33.9658 14.19581587943720
EWS-G3 (GOES 14)        
1 35491U 09033A   26226.92048286 -.00000319  00000+0  00000+0 0  9996
2 35491   1.8370  82.2742 0002081  64.0900 253.3110  1.00081549  7176
DMSP 5D-3 F18 (USA 210) 
1 35951U 09057A   26226.90543781  .00000199  00000+0  12578-3 0  9993
2 35951  98.9095 207.5624 0012290  84.5497 275.7078 14.14927114867890
EWS-G2 (GOES 15)        
1 36411U 10008A   26226.90905053  .00000007  00000+0  00000+0 0  9998
2 36411   1.4360  82.1081 0005521  65.1796 206.5916  1.00273136 60220
COMS 1                  
1 36744U 10032A   26226.82139894 -.00000029  00000+0  00000+0 0  9992
2 36744   4.9518  74.6305 0011008  17.6489   6.7252  0.99167585 51674
FENGYUN 3B              
1 37214U 10059A   26226.93744638 -.00000123  00000+0 -40496-4 0  9998
2 37214  98.9581 273.1890 0022558  22.9142  79.6767 14.14851025815738
SUOMI NPP               
1 37849U 11061A   26226.91425078  .00000027  00000+0  34029-4 0  9994
2 37849  98.7967 167.3939 0002344 129.5774 230.5610 14.19527751766777
METEOSAT-10 (MSG-3)     
1 38552U 12035B   26226.85306597 -.00000018  00000+0  00000+0 0  9993
2 38552   4.8070  60.7057 0000996  32.2482 177.7118  1.00276732 51448
METOP-B                 
1 38771U 12049A   26226.89544263  .00000041  00000+0  38313-4 0  9997
2 38771  98.6462 277.2108 0002738 151.2709 208.8619 14.21452922721607
INSAT-3D                
1 39216U 13038B   26225.88073984 -.00000356  00000+0  00000+0 0  9993
2 39216   2.0704  81.7777 0000995 109.3438 217.7340  1.00268289 47656
FENGYUN 3C              
1 39260U 13052A   26226.91464039  .00000013  00000+0  27470-4 0  9992
2 39260  98.5040 198.1093 0013927 210.5594 149.4771 14.15766102666876
METEOR-M 2              
1 40069U 14037A   26226.92096626  .00000004  00000+0  21109-4 0  9992
2 40069  98.5169 200.5957 0004840 217.6445 142.4394 14.21475887627663
HIMAWARI-8              
1 40267U 14060A   26226.95221304 -.00000290  00000+0  00000+0 0  9994
2 40267   0.0189  10.2835 0000950 155.3899 281.1628  1.00271538 43341
FENGYUN 2G              
1 40367U 14090A   26226.96472207 -.00000316  00000+0  00000+0 0  9998
2 40367   5.7831  72.0868 0004365 172.1041 166.1312  1.00267599 42589
METEOSAT-11 (MSG-4)     
1 40732U 15034A   26226.92621293  .00000049  00000+0  00000+0 0  9992
2 40732   3.3436  70.7048 0000884  43.3991 192.3175  1.00263357  7802
ELEKTRO-L 2             
1 41105U 15074A   26226.85020596 -.00000132  00000+0  00000+0 0  9996
2 41105   6.8374  69.7861 0001340 196.5273 348.5423  1.00270815 39093
SENTINEL-3A             
1 41335U 16011A   26226.91523570  .00000038  00000+0  33925-4 0  9991
2 41335  98.6209 293.4431 0001042  88.9954 271.1346 14.26737332546432
INSAT-3DR               
1 41752U 16054A   26226.91469186 -.00000091  00000+0  00000+0 0  9996
2 41752   0.0471  97.4250 0010956 168.6998 100.4868  1.00271370 36409
HIMAWARI-9              
1 41836U 16064A   26226.59378147 -.00000288  00000+0  00000+0 0  9998
2 41836   0.0460 278.0933 0001393 256.4499 142.9778  1.00284189 35796
GOES 16                 
1 41866U 16071A   26226.90359285 -.00000105  00000+0  00000+0 0  9994
2 41866   0.4787  85.1106 0001185 113.3778 345.3771  1.00270980 35699
FENGYUN 4A              
1 41882U 16077A   26226.94883303 -.00000371  00000+0  00000+0 0  9990
2 41882   2.4675  79.5662 0007842 166.0011 183.1306  1.00267879 35516
CYGFM05                 
1 41884U 16078A   26226.36345183  .00016387  00000+0  20290-3 0  9998
2 41884  34.9551 234.6266 0005644 326.5880  33.4489 15.59110771537838
CYGFM04                 
1 41885U 16078B   26226.96825695  .00026330  00000+0  26097-3 0  9996
2 41885  34.9306 195.1040 0003043  14.0303 346.0508 15.64771921538201
CYGFM02                 
1 41886U 16078C   26226.97228653  .00031133  00000+0  26622-3 0  9990
2 41886  34.9388 187.7095 0003399  19.5646 340.5211 15.68393547538391
CYGFM01                 
1 41887U 16078D   26226.70910002  .00017374  00000+0  20874-3 0  9992
2 41887  34.9381 232.8840 0005471 322.9310  37.1037 15.59891175537841
CYGFM08                 
1 41888U 16078E   26226.24083891  .00020306  00000+0  21624-3 0  9992
2 41888  34.9414 213.9218 0005509 354.8264   5.2404 15.62981556538057
CYGFM07                 
1 41890U 16078G   26226.96252165  .00022390  00000+0  23707-3 0  9995
2 41890  34.9431 197.3836 0003670  15.3924 344.6914 15.63124838538193
CYGFM03                 
1 41891U 16078H   26226.93402634  .00021775  00000+0  23076-3 0  9996
2 41891  34.9386 199.4969 0003746 354.1721   5.8961 15.63106271538162
FENGYUN 3D              
1 43010U 17072A   26226.92311138  .00000017  00000+0  29677-4 0  9993
2 43010  99.0180 202.4227 0000556 204.9729 155.1420 14.19749283453328
NOAA 20 (JPSS-1)        
1 43013U 17073A   26226.92774618  .00000035  00000+0  37783-4 0  9990
2 43013  98.7781 165.8722 0002024  88.0125 272.1283 14.19521116452801
GOES 17                 
1 43226U 18022A   26226.90739258 -.00000197  00000+0  00000+0 0  9997
2 43226   1.0836  84.7613 0000754 101.6594  14.0606  1.00271055 31011
SENTINEL-3B             
1 43437U 18039A   26226.88837367  .00000045  00000+0  36747-4 0  9999
2 43437  98.6209 293.5662 0001658 102.1014 258.0352 14.26737318432498
FENGYUN 2H              
1 43491U 18050A   26226.93999300 -.00000143  00000+0  00000+0 0  9992
2 43491   3.1783  78.3592 0002426 149.0850 153.4259  1.00274333 30027
METOP-C                 
1 43689U 18087A   26226.98234932  .00000038  00000+0  37316-4 0  9996
2 43689  98.6600 285.4974 0001444  56.6697 303.4619 14.21509216403185
GEO-KOMPSAT-2A          
1 43823U 18100A   26226.87845941  .00000000  00000+0  00000+0 0  9992
2 43823   0.0206 114.8132 0002384 354.0308 298.9460  1.00270863 28218
METEOR-M2 2             
1 44387U 19038A   26226.97017237 -.00000161  00000+0 -49598-4 0  9999
2 44387  98.9192 215.1372 0001049 150.0757 210.0481 14.24378502369668
ARKTIKA-M 1             
1 47719U 21016A   26206.87236863 -.00000386  00000+0  00000+0 0  9993
2 47719  63.2598  51.9767 7301001 270.1217  14.4714  2.00607275 39563
FENGYUN 3E              
1 49008U 21062A   26226.97102015 -.00000057  00000+0 -62820-5 0  9991
2 49008  98.7519 229.7307 0000608 313.9368  46.1758 14.19908700264922
GOES 18                 
1 51850U 22021A   26226.75466534  .00000082  00000+0  00000+0 0  9992
2 51850   0.0074 282.8041 0000470 270.4574 264.5760  1.00272711  7184
NOAA 21 (JPSS-2)        
1 54234U 22150A   26226.88906436 -.00000002  00000+0  19825-4 0  9991
2 54234  98.7067 164.6939 0002603  50.5013 309.6393 14.19545114194877
METEOSAT-12 (MTG-I1)    
1 54743U 22170C   26226.92430626 -.00000022  00000+0  00000+0 0  9998
2 54743   0.7595  24.5048 0003703  85.3315 185.8331  1.00273433 13569
TIANMU-1 03             
1 55973U 23039A   26226.93599215  .00010371  00000+0  19485-3 0  9998
2 55973  97.5258  43.2855 0001782 215.4889 144.6243 15.48791860189921
TIANMU-1 04             
1 55974U 23039B   26226.96633015  .00010568  00000+0  19403-3 0  9997
2 55974  97.5197  42.4775 0002475 217.1365 142.9715 15.49446411189941
TIANMU-1 05             
1 55975U 23039C   26226.91968425  .00009691  00000+0  18274-3 0  9999
2 55975  97.5239  42.8622 0001098 242.1467 117.9672 15.48708981189907
TIANMU-1 06             
1 55976U 23039D   26226.97365873  .00010264  00000+0  18926-3 0  9996
2 55976  97.5250  43.6145 0001664 241.2324 118.8760 15.49333260189948
FENGYUN 3G              
1 56232U 23055A   26226.91069755  .00015457  00000+0  25437-3 0  9998
2 56232  49.9925  43.2121 0012257 257.6921 102.2674 15.52420897189137
METEOR-M2 3             
1 57166U 23091A   26226.97816410 -.00000020  00000+0  10273-4 0  9993
2 57166  98.6041 280.7401 0004062  16.8325 343.2989 14.24050797162886
TIANMU-1 07             
1 57399U 23101A   26226.95691877  .00003481  00000+0  12092-3 0  9992
2 57399  97.2550 276.2861 0000670 321.2555  38.8638 15.30406171170632
TIANMU-1 08             
1 57400U 23101B   26226.92344807  .00003424  00000+0  11897-3 0  9999
2 57400  97.2539 276.0155 0001869 269.1767  90.9260 15.30406210170625
TIANMU-1 09             
1 57401U 23101C   26226.90532500  .00001712  00000+0  60786-4 0  9997
2 57401  97.2498 275.3844 0001532 309.0117  51.0988 15.30378897170621
TIANMU-1 10             
1 57402U 23101D   26226.93933269  .00003585  00000+0  12435-3 0  9995
2 57402  97.2577 276.5280 0002630 294.3654  65.7312 15.30432013170623
FENGYUN 3F              
1 57490U 23111A   26226.95348030  .00000010  00000+0  24953-4 0  9990
2 57490  98.6799 295.8557 0000778  92.7912 267.3354 14.19947321157204
ARKTIKA-M 2             
1 58584U 23198A   26223.59169061  .00000084  00000+0  00000+0 0  9995
2 58584  63.2140 148.1493 6919083 267.2628  18.7100  2.00596455 19437
TIANMU-1 11             
1 58645U 23205A   26226.95458343  .00002937  00000+0  11173-3 0  9995
2 58645  97.3441 247.6085 0009789 145.8980 214.2890 15.27513964146491
TIANMU-1 12             
1 58646U 23205B   26226.99885878  .00002976  00000+0  11433-3 0  9999
2 58646  97.3431 247.3800 0008996 131.9362 228.2645 15.27179703146483
TIANMU-1 13             
1 58647U 23205C   26226.96497096  .00003015  00000+0  11588-3 0  9994
2 58647  97.3458 247.6419 0008060 115.1328 245.0748 15.27170444146473
TIANMU-1 14             
1 58648U 23205D   26226.94852198  .00003114  00000+0  11949-3 0  9992
2 58648  97.3395 246.7617 0008751 120.0397 240.1712 15.27192882146479
TIANMU-1 19             
1 58660U 23208A   26226.94120334  .00004900  00000+0  15924-3 0  9990
2 58660  97.4551 343.5898 0006472 105.4085 254.7872 15.32376406146328
TIANMU-1 20             
1 58661U 23208B   26226.93343642  .00005117  00000+0  16003-3 0  9999
2 58661  97.4493 344.2787 0008552 111.9937 248.2215 15.33568858146423
TIANMU-1 21             
1 58662U 23208C   26226.96069385  .00006226  00000+0  17961-3 0  9998
2 58662  97.4558 347.2495 0008550 105.5861 254.6328 15.36034558146589
TIANMU-1 22             
1 58663U 23208D   26226.94410557  .00004668  00000+0  15461-3 0  9999
2 58663  97.4547 343.4763 0005092 122.0719 238.1018 15.31792882146329
TIANMU-1 15             
1 58700U 24004A   26226.94530978  .00003182  00000+0  12217-3 0  9992
2 58700  97.4674  53.1470 0008592 122.8165 237.3903 15.27176630144743
TIANMU-1 16             
1 58701U 24004B   26226.93269435  .00002936  00000+0  11261-3 0  9993
2 58701  97.4623  52.3346 0007013 134.1473 226.0343 15.27279814144747
TIANMU-1 17             
1 58702U 24004C   26226.98376037  .00003237  00000+0  12393-3 0  9998
2 58702  97.4650  52.8918 0006451 137.5461 222.6278 15.27276424144740
TIANMU-1 18             
1 58703U 24004D   26226.96163524  .00003095  00000+0  11892-3 0  9997
2 58703  97.4666  53.1352 0006327 121.6423 238.5434 15.27183726144740
INSAT-3DS               
1 58990U 24033A   26226.94059966 -.00000170  00000+0  00000+0 0  9996
2 58990   0.1082 264.3660 0001123 261.1830 218.4836  1.00273355 47659
METEOR-M2 4             
1 59051U 24039A   26226.91887541 -.00000006  00000+0  17052-4 0  9994
2 59051  98.7065 185.4921 0007270   9.6206 350.5110 14.22434816127613
GOES 19                 
1 60133U 24119A   26226.19663845  .00000000  00000+0  00000+0 0  9998
2 60133   0.0228  97.5915 0000400 127.4968  93.1335  1.00268188  7548
MTG-S1                  
1 64723U 25143A   26226.92430626 -.00000022  00000+0  00000+0 0  9990
2 64723   0.6058 342.0254 0003354 255.3668  58.3041  1.00270789  4002
METOP-SGA1              
1 65159U 25172A   26226.73497987  .00000013  00000+0  25890-4 0  9996
2 65159  98.6599 285.3010 0001256  80.8747 279.2573 14.21506428 52107
FENGYUN 3H              
1 65815U 25219A   26226.80969882  .00000003  00000+0  21667-4 0  9990
2 65815  98.6781 166.4431 0000745  91.7080 268.4182 14.19928682 45709
